3 0.24783594 0.69087617 0.10070313 0.13306075
3 0.21039062 0.72921729 0.05409375 0.13707944
5 0.42879687 0.46418224 0.12337500 0.43836449
5 0.77258594 0.47635514 0.18610938 0.30247664
5 0.93042188 0.50511682 0.10746875 0.39420561
5 0.68126562 0.38253505 0.06196875 0.09553738
3 0.53078906 0.64462617 0.11954687 0.14327103
5 0.63920313 0.49768692 0.09118750 0.55616822
3 0.48968750 0.75032710 0.10946875 0.13976636
3 0.05501562 0.69452103 0.09090625 0.16273364
3 0.40407813 0.73796729 0.07643750 0.14915888
3 0.16424219 0.74096963 0.02982813 0.12492991
3 0.22960156 0.68200935 0.02089063 0.02799065
